image: lab_map4.pgm
resolution: 0.050000
origin: [-10.000000, -10.000000, 0.000000] #原点在lab_map4中的位置
negate: 0
occupied_thresh: 0.65
free_thresh: 0.196

